20,20
-1,-1,-1,-1,-1,-1,-1,-1,-1,-1,-1,-1,-1,-1,-1,-1,-1,-1,-1,-1
-1,0,0,0,0,0,-1,0,0,0,2,0,0,-1,0,0,0,0,0,-1
-1,0,6,0,0,0,-1,0,0,0,0,0,0,-1,0,0,0,2,0,-1
-1,0,0,0,0,0,-1,0,0,0,0,0,0,-1,0,0,0,0,0,-1
-1,0,0,0,2,0,-1,0,2,0,0,2,0,-1,0,2,0,0,0,-1
-1,0,0,0,0,0,-1,0,0,0,0,0,0,-1,0,0,0,0,0,-1
-1,-1,-1,-1,-1,-1,-1,-1,-1,-1,-1,-1,-1,-1,-1,-1,-1,-1,-1,-1
-1,0,0,0,0,0,-1,0,0,0,0,0,0,-1,0,0,0,0,0,-1
-1,0,0,0,2,0,-1,0,2,0,0,2,0,-1,0,2,0,0,0,-1
-1,0,0,0,0,0,-1,0,0,0,0,0,0,-1,0,0,0,0,2,-1
-1,0,2,0,0,0,-1,0,0,0,0,0,0,-1,0,0,0,0,0,-1
-1,0,0,0,2,0,-1,0,2,0,0,2,0,-1,0,2,0,0,0,-1
-1,0,0,0,0,0,-1,0,0,0,0,0,0,-1,0,0,0,0,0,-1
-1,-1,-1,-1,-1,-1,-1,-1,-1,-1,-1,-1,-1,-1,-1,-1,-1,-1,-1,-1
-1,0,0,0,0,0,-1,0,0,0,0,0,0,-1,0,0,0,0,0,-1
-1,0,0,0,2,0,-1,0,2,0,0,2,0,-1,0,2,0,0,0,-1
-1,0,0,0,0,0,-1,0,0,0,0,0,0,-1,0,0,0,0,0,-1
-1,0,2,0,0,0,-1,0,0,0,2,0,0,-1,0,0,0,7,0,-1
-1,0,0,0,0,0,-1,0,0,0,0,0,0,-1,0,0,0,0,0,-1
-1,-1,-1,-1,-1,-1,-1,-1,-1,-1,-1,-1,-1,-1,-1,-1,-1,-1,-1,-1
Warp 11
1 9
2 4
3 8
5 16
6 13
7 14
10 18
11 15
17 22
19 20
21 12