22,22
0,0,0,0,0,0,0,0,0,0,0,0,0,0,0,0,0,0,0,0,0,0
0,-1,-1,-1,-1,-1,-1,-1,-1,-1,-1,-1,-1,-1,-1,-1,-1,-1,-1,-1,-1,0
0,-1,6,0,0,0,0,0,0,0,0,0,0,0,0,0,0,0,0,0,-1,0
0,-1,0,-1,-1,-1,-1,-1,-1,-1,-1,-1,-1,-1,-1,-1,-1,-1,-1,0,-1,0
0,-1,0,-1,0,0,0,0,0,0,2,0,0,0,0,0,0,0,-1,0,-1,0
0,-1,0,-1,0,-1,-1,-1,-1,-1,-1,-1,-1,-1,-1,-1,-1,0,-1,0,-1,0
0,-1,0,-1,0,-1,0,0,0,0,2,0,0,0,0,0,-1,0,-1,0,-1,0
0,-1,0,-1,0,-1,0,-1,-1,-1,-1,-1,-1,-1,-1,0,-1,0,-1,0,-1,0
0,-1,0,-1,0,-1,0,-1,0,0,2,0,0,0,-1,0,-1,0,-1,0,-1,0
0,-1,0,-1,0,-1,0,-1,0,-1,-1,-1,-1,0,-1,0,-1,0,-1,0,-1,0
0,-1,2,-1,2,-1,2,-1,2,-1,2,0,-1,0,-1,0,-1,0,-1,0,-1,0
0,-1,0,-1,0,-1,0,-1,0,-1,0,7,-1,2,-1,2,-1,2,-1,2,-1,0
0,-1,0,-1,0,-1,0,-1,0,-1,-1,-1,-1,0,-1,0,-1,0,-1,0,-1,0
0,-1,0,-1,0,-1,0,-1,0,0,0,2,0,0,-1,0,-1,0,-1,0,-1,0
0,-1,0,-1,0,-1,0,-1,-1,-1,-1,-1,-1,-1,-1,0,-1,0,-1,0,-1,0
0,-1,0,-1,0,-1,0,0,0,0,0,2,0,0,0,0,-1,0,-1,0,-1,0
0,-1,0,-1,0,-1,-1,-1,-1,-1,-1,-1,-1,-1,-1,-1,-1,0,-1,0,-1,0
0,-1,0,-1,0,0,0,0,0,0,0,2,0,0,0,0,0,0,-1,0,-1,0
0,-1,0,-1,-1,-1,-1,-1,-1,-1,-1,-1,-1,-1,-1,-1,-1,-1,-1,0,-1,0
0,-1,0,0,0,0,0,0,0,0,0,2,0,0,0,0,0,0,0,0,-1,0
0,-1,-1,-1,-1,-1,-1,-1,-1,-1,-1,-1,-1,-1,-1,-1,-1,-1,-1,-1,-1,0
0,0,0,0,0,0,0,0,0,0,0,0,0,0,0,0,0,0,0,0,0,0
Warp 8
1 5
2 10
3 13
4 12
6 11
7 8
9 14
15 16